---
version: 2
money:
  lampocketvn: 0.000000
  bamprovn: 1000
  nhanvope: 1000
  eggyunicycle766: 1000
  jinodk: 1000
  hkyt19: 1000
  juryuwu: 1000
  uyennekbe: 0.000000
  captaincat2502: 1000
  itzmintdzx: 3400.000000
  nutavn: 1000
  endercandab: 1000
  subandlike9926: 0.000000
  lettihl: 1000
...
