---
LamPocketVN: 18000.000000
HKYT19: 50
CaptainCat2502: 0
BamProVN: 0.000000
ItzMintDzX: 0
NuTaVN: 0
EnderCanDab: 0
...
